135
79
115
91
221
505
59
63
108
513
203
26
81
249
73
514
117
77
45
289
219
554
128
136
152
104
139
105
187
62
207
120
808
213
559
41
571
178
487
154
177
80
191
58
11
816
208
623
206
801
202
643
94
770
214
76
111
155
123
92
157
85
175
100
87
15
217
35
90
8
151
551
138
196
97
253
36
186
118
194
218
158
99
69
23
4
190
198
125
141
184
68
170
18
56
597
107
222
197
93
75
320
433
66
149
536
1
436
103
38
759
220
169
635
53
466
647
181
2
743
78
54
431
67
188
661
189
83
710
34
82
161
65
137
201
677
9
47
168
185
258
3
550
164
153
775
210
44
225
256
25
357
167
84
296
43
39
585
119
351
204
132
448
229
353
46
192
578
156
13
453
257
364
96
42
569
228
24
172
193
144
358
